,Data/Stocks/bll.us,Data/Stocks/tmo.us,Data/Stocks/ceco.us,Data/Stocks/emr.us,Data/Stocks/mchp.us,Data/Stocks/ibm.us,Data/Stocks/cnp.us,Data/Stocks/sna.us,Data/Stocks/has.us,Data/Stocks/lb.us,Data/Stocks/cof.us,Data/Stocks/lnc.us,Data/Stocks/ko.us,Data/Stocks/clx.us,Data/Stocks/x.us,Data/Stocks/apc.us,Data/Stocks/intc.us,Data/Stocks/iff.us,Data/Stocks/dov.us,Data/Stocks/xlnx.us,Data/Stocks/gps.us,Data/Stocks/wen.us,Data/Stocks/brk-b.us,Data/Stocks/adm.us,Data/Stocks/xl.us,Data/Stocks/t.us,Data/Stocks/rf.us,Data/Stocks/wmt.us,Data/Stocks/rtn.us,Data/Stocks/mat.us,Data/Stocks/ebay.us,Data/Stocks/leg.us,Data/Stocks/ctxs.us,Data/Stocks/xray.us,Data/Stocks/eqr.us,Data/Stocks/luv.us,Data/Stocks/mcd.us,Data/Stocks/dgx.us,Data/Stocks/bby.us,Data/Stocks/twx.us,Data/Stocks/nke.us,Data/Stocks/bc.us,Data/Stocks/see.us,Data/Stocks/cag.us,Data/Stocks/adsk.us,Data/Stocks/msa.us,Data/Stocks/phm.us,Data/Stocks/msft.us,Data/Stocks/ca.us,Data/Stocks/mro.us
Data/Stocks/bll.us,0.00028443771874940517,0.00013938279445350275,0.00014002342036156435,0.00016444601951474548,0.0001481272791946108,0.00011104288287534173,0.00010550380314219528,0.00015738707334715703,0.00011697085448191343,0.00017575556442853227,0.0002299991313792142,0.0002730687499998336,7.895979462286978e-05,7.594890044112486e-05,0.0002834790826072766,0.00017947556801316887,0.00015384016421749448,0.00012460493390255154,0.00018057652113161464,0.00016272540393793143,0.00014501289937199704,0.00014313772554118244,8.411631099577756e-05,0.00013310103709228196,0.00023627891448524093,0.0001123358582592706,0.000232085060752542,8.734888459917573e-05,0.00010226422029777931,0.00011989070320456334,0.00014893832792103428,0.00016368310393727645,0.00016123741544572538,0.00011575216202420368,0.00016926683956842498,0.00015308409509713386,8.218245987634097e-05,9.992762874224691e-05,0.00016362071010842503,0.00014211726026577124,0.00012723571740796312,0.0002570246441265262,0.00018157393945441317,6.293769082618233e-05,0.000175065455135213,0.00015863887526866883,0.00024197014248168627,0.00012914561897763702,0.000154823970709135,0.0001854843191043023
Data/Stocks/tmo.us,0.00013938279445350275,0.00032161824107544175,0.0001523352121049996,0.00017936165454375064,0.0001877790889704541,0.00012487293363866233,0.00010303876733657517,0.00016998246905351643,0.00012632844951031898,0.00017769129583317347,0.00022987351521879085,0.000281574211798394,8.426905185224556e-05,7.455717981268906e-05,0.0002775358415933446,0.00018290573673218125,0.00018333583746515147,0.00012758147144897224,0.00018568586512252946,0.0002046561519824779,0.00016185685410617765,0.00014097072451107944,9.248454328547233e-05,0.00013758386463350936,0.0002445662254155558,0.0001088666630401431,0.00020582231025409995,9.06963466850345e-05,9.687915909823829e-05,0.00012865456968743963,0.00016372879064360953,0.00015861867734411292,0.00018493227707508814,0.00013758651261259013,0.00015444711627614612,0.00016544164994953666,9.029132529801111e-05,0.00010570417502566818,0.00017323781831887365,0.00017626357353715753,0.00013141957875266707,0.0002685526681657528,0.00015512777092727123,7.191485152491718e-05,0.00019302455612560217,0.00017189571062483494,0.00023189823280446236,0.00015015310675920237,0.00018346387529582822,0.0001818806873758089
Data/Stocks/ceco.us,0.00014002342036156435,0.0001523352121049996,0.0013896930439801897,0.00016288670757968871,0.00018076605945137547,0.00011550279971378163,7.7234934765872e-05,0.00017272423793331202,0.00014952426088913294,0.00019309780324437014,0.00022947140804093914,0.0002384752479518035,7.972583426008244e-05,8.944583807331801e-05,0.00024555910991562316,0.0001478360392857006,0.0001783310023893228,0.00012613350780570523,0.00017833458784941307,0.00020935335237418114,0.00015678290313652683,0.00018971468568166182,8.03219199253082e-05,0.0001398976051646422,0.0002110724443740039,0.00011497755251650814,0.0002453123895665606,9.679428850384776e-05,0.00010353495590194534,0.00013525766558112123,0.0001855644807114739,0.00017584128299304993,0.000211782922559068,0.00015455263908725113,0.0001775478759106675,0.0001849607899881982,9.048868813952154e-05,9.848641204535231e-05,0.00019784965663328756,0.00015903865271194584,0.00013716131235277197,0.00028388916474728266,0.00018689474806510598,7.794436776936518e-05,0.0001800269275796968,0.00019783973953237317,0.0003029653490175804,0.00015355349267071438,0.00017154172497209718,0.00015766010971635745
Data/Stocks/emr.us,0.00016444601951474548,0.00017936165454375064,0.00016288670757968871,0.000327144759397996,0.0002179442710452124,0.0001521154327479728,0.00012336053351891867,0.00020934814197739004,0.00015525474305564473,0.0002235851143733598,0.0003010719603766152,0.00033611094593024655,0.0001010777134335899,8.976629936208556e-05,0.00033992628323082995,0.00022600260591358403,0.0002212321886450602,0.00015254816629565126,0.0002383803766150306,0.00023019017869722864,0.00019553509437188728,0.00017370662643858949,0.0001095017555089337,0.00017627548349638568,0.0002906108023487807,0.00014154184067558185,0.00028124172945147665,0.00010850779227819228,0.00012093789103673835,0.0001475688835464627,0.00020482032344221348,0.0001909993176974758,0.00022654191280028384,0.00014238835659049923,0.00021781120932571187,0.00018396361153473405,0.00010667662258881845,0.00010417594232803636,0.00021266020000774446,0.00020527662367153036,0.000168594357283984,0.0003286973322212113,0.00019794142536234927,8.219542096077855e-05,0.00023535664394215485,0.00019586927716763026,0.00027951558611960796,0.00018032172547396093,0.00019706058129214505,0.00022619604468763878
Data/Stocks/mchp.us,0.0001481272791946108,0.0001877790889704541,0.00018076605945137547,0.0002179442710452124,0.0005905103694126066,0.00018154289138493267,9.035797651494901e-05,0.0001933266983344184,0.00015332691211284954,0.0002272573565201175,0.0003154331604040105,0.0003079269077143998,9.08623890758007e-05,7.369061106014959e-05,0.0003136610582030555,0.00019332824361841303,0.0003547015006984036,0.00013366889367260262,0.00022874689512238555,0.0004364710669337771,0.00018712059266272582,0.0001665361689689514,8.883534171450233e-05,0.0001411897927719386,0.00024716172678898395,0.00014136018460420723,0.000257948012581053,0.00010239919473780574,9.995295361961747e-05,0.00014405137203419592,0.0002525985978690221,0.00019202373757684337,0.0003207897322594954,0.00014135411724482073,0.00019824401321074002,0.00019951050559667216,9.491723606977549e-05,0.00013046218202664237,0.00024276334777829169,0.0002216273673145412,0.0001587471240450816,0.0003042256686746673,0.00019826782982526494,6.252540307034705e-05,0.00028232515165550195,0.00020073527583969964,0.00027531789211599026,0.00022317364782339393,0.00027140789862483447,0.00019089922762047685
Data/Stocks/ibm.us,0.00011104288287534173,0.00012487293363866233,0.00011550279971378163,0.0001521154327479728,0.00018154289138493267,0.00022793825081965298,8.55845948730798e-05,0.0001409127327614795,0.00010935021392401215,0.00015885411884637653,0.00021264192855398542,0.00022517104490902567,7.039457092565231e-05,5.828567101034894e-05,0.00021809119648911527,0.00014402178735013275,0.00019801447176627025,9.629780772934838e-05,0.00015585245609197405,0.0002057142746320814,0.0001279361726188122,0.00011443902699059126,7.49668823842229e-05,0.00010751130149036534,0.00020395438749900457,0.00011515768026109283,0.00018647649203883357,8.349567183709148e-05,8.439030208964214e-05,0.00011502567833218531,0.00015657699992165488,0.0001385586539631146,0.00018820137995185368,9.517125722779318e-05,0.00014558765436813523,0.00013979473247487692,7.74558581430416e-05,8.324952033685485e-05,0.0001595090150125616,0.00015531966546851995,0.0001206820504568801,0.0002177801046244609,0.00013707190554591264,5.631316222634813e-05,0.00017876914322884524,0.00013618756542879118,0.00018511622739412402,0.00015744079124100396,0.0001679084829803676,0.00014482219276165805
Data/Stocks/cnp.us,0.00010550380314219528,0.00010303876733657517,7.7234934765872e-05,0.00012336053351891867,9.035797651494901e-05,8.55845948730798e-05,0.0006286974145275899,0.00011517610055960866,8.993458526843536e-05,0.00011988301927567542,0.0001620110915060651,0.0002151006176541017,7.109020612792468e-05,5.231744112247191e-05,0.00021432106065271891,0.00016940845760699436,0.00010891268165596223,9.10246140049116e-05,0.0001287881557260048,0.00010370688785162318,0.00011511974238703187,8.938375301586735e-05,7.643310611656602e-05,0.00011800424077882498,0.0002025200205046902,0.00011453518978423688,0.00015740378621098664,5.2778525544681316e-05,8.24871937111251e-05,8.725766658851576e-05,9.059653737168911e-05,0.00012499244714933314,0.00012390427819548614,8.386039538666851e-05,0.00014164265521812193,0.00012780178796155465,5.505642655662853e-05,6.51169401093562e-05,0.0001032412162492636,0.00012550338195718873,0.00010119679643211997,0.00018693419143555877,0.00010188869093569903,6.107085499830727e-05,0.00012826037519897342,0.00013657571926124366,0.0001562309256027533,9.123772065192719e-05,0.00014566378572821354,0.00016076551337482664
Data/Stocks/sna.us,0.00015738707334715703,0.00016998246905351643,0.00017272423793331202,0.00020934814197739004,0.0001933266983344184,0.0001409127327614795,0.00011517610055960866,0.00035237076331518603,0.00015941590353859463,0.00023341479819929652,0.00029324593886976516,0.000354235751063123,9.336423965397787e-05,8.452967590397015e-05,0.00031916126235474664,0.00020648069554720955,0.000200794864500081,0.00014471440869395563,0.00022127715798820718,0.0002076965304876353,0.00019258454168940818,0.00017487224753208735,0.00011226008169870871,0.00015605903400711383,0.0002980044304964553,0.00013134765887744374,0.00028509115739134053,9.95558637664438e-05,0.00011187209366989458,0.00015932084237271573,0.0002006139291846551,0.00020677659250558752,0.00021226407145057342,0.00014103943554882845,0.00021979302885012701,0.00018636879961243512,0.00010152351155307289,0.00010507579399258276,0.00020914328348541734,0.00019668252409129006,0.00016465601395803314,0.00034460357216040995,0.00019921739931053772,8.337962331701171e-05,0.00022295435448356106,0.00019464679973173416,0.00029801621165944167,0.00015714224193283947,0.00018192676979441092,0.0002031201231555787
Data/Stocks/has.us,0.00011697085448191343,0.00012632844951031898,0.00014952426088913294,0.00015525474305564473,0.00015332691211284954,0.00010935021392401215,8.993458526843536e-05,0.00015941590353859463,0.00032774985123028316,0.0001917852403955914,0.00022197698785518646,0.00023919683524356952,7.141017877271771e-05,6.691358723890086e-05,0.0002329441810618887,0.00014038268808755987,0.00015345814992834573,0.00010804050666672161,0.00016739916424795878,0.00017689811041217166,0.00017005748947722762,0.00014155648645755743,7.436509981242524e-05,0.00010909598872978939,0.00022729054794072825,9.49612624914007e-05,0.00022159522681804663,9.032672650310543e-05,8.240745524382937e-05,0.00018539382158461992,0.0001479406889193389,0.00015882445080092064,0.00016427817855866334,0.00010105564200051675,0.0001678156012556354,0.00015516457702611635,8.590643995168978e-05,8.525025629383424e-05,0.00018263363146314685,0.00014287182579635183,0.0001310708391703121,0.0002773556852104296,0.00015199281135849,6.0856790256039414e-05,0.00017252210149283113,0.00014815610793610201,0.0002367134647924065,0.0001249305125161162,0.00014935179977883096,0.0001420689671928568
Data/Stocks/lb.us,0.00017575556442853227,0.00017769129583317347,0.00019309780324437014,0.0002235851143733598,0.0002272573565201175,0.00015885411884637653,0.00011988301927567542,0.00023341479819929652,0.0001917852403955914,0.0005657781345005447,0.0003738132815878965,0.0004043212958730944,0.00010369269173100616,9.335083586920106e-05,0.00032440994278386655,0.00018381142010334293,0.00023960293916702922,0.00015793604675389577,0.0002377127326536063,0.00025042378781392477,0.0003061187439369421,0.00021582043184743875,0.00012214561027429986,0.000155603100150315,0.0003621495503059447,0.00015267325759234034,0.00033686878256772583,0.00015094571521993995,0.00010704629902369302,0.00020741133480484865,0.00023084234324520012,0.0002388824827467736,0.0002296882568480152,0.0001447505400356337,0.0002703955384879267,0.0002367147253731607,0.00012779935814322482,0.00012365314555363253,0.000299460754584206,0.00022636142808466031,0.00021148831850474706,0.00042236371320311406,0.00023738095093429345,9.024225465644816e-05,0.00023663142999396682,0.000196683129787923,0.0003670103444561487,0.00018574468590443156,0.00021191894628799294,0.00019635383808435327
Data/Stocks/cof.us,0.0002299991313792142,0.00022987351521879085,0.00022947140804093914,0.0003010719603766152,0.0003154331604040105,0.00021264192855398542,0.0001620110915060651,0.00029324593886976516,0.00022197698785518646,0.0003738132815878965,0.0010762647178885444,0.0006991660536092078,0.00012526393879006722,0.00011834306161598705,0.0004554180818657425,0.00030522574480431794,0.00031683493570096267,0.00020433854263781953,0.0003209271372097285,0.0003196851000146825,0.0002946273756042217,0.0002703962521180501,0.00018012289161547327,0.00021775563585517925,0.0006456338408500338,0.00022050011056431426,0.0006581927459675765,0.00015515144355489102,0.00015334474855402302,0.00022707628394368025,0.00031844361850456057,0.00031149880411108344,0.0003105616002006125,0.0001907764778081477,0.000448467509533906,0.00029649465452410403,0.00015314701152624506,0.0001564032351346164,0.00033044191915184475,0.0002929066175402485,0.00025691071109625995,0.0005382992338666966,0.0003074721460762104,0.00010114940747574835,0.0003376692419107437,0.00028823491894198344,0.0005093734249504783,0.000245482071145113,0.00029785347845814625,0.00030521947729782487
Data/Stocks/lnc.us,0.0002730687499998336,0.000281574211798394,0.0002384752479518035,0.00033611094593024655,0.0003079269077143998,0.00022517104490902567,0.0002151006176541017,0.000354235751063123,0.00023919683524356952,0.0004043212958730944,0.0006991660536092078,0.001349611488271296,0.00015908426424556896,0.00012795894016775881,0.0005776891096691046,0.0003689790989628346,0.00030488435659072706,0.0002545307992594406,0.0003612757536058207,0.00030707366425315594,0.00033806964937661794,0.000326709232312593,0.0002497201939063356,0.000292587558852567,0.0007935718070189563,0.00022966808544741727,0.0007041825366259268,0.00016717717963966628,0.00018534890081251546,0.0002705129531343437,0.0003446577090741323,0.0003459987320739504,0.00033377326537092645,0.00026577911360688714,0.0004966900550284935,0.00031451896967154804,0.0001682439166820794,0.00019738464030593796,0.00035109758325234326,0.00035567845559579466,0.00026132412214674287,0.0006499185977085933,0.0003436092298884033,0.00014606428716136704,0.00035955762319424603,0.0003572276247175203,0.0005202291150211837,0.00027082223332173627,0.0003003346742551332,0.00038405173924861507
Data/Stocks/ko.us,7.895979462286978e-05,8.426905185224556e-05,7.972583426008244e-05,0.0001010777134335899,9.08623890758007e-05,7.039457092565231e-05,7.109020612792468e-05,9.336423965397787e-05,7.141017877271771e-05,0.00010369269173100616,0.00012526393879006722,0.00015908426424556896,0.0001526827762491042,6.364954902431172e-05,0.0001354407570094678,9.725494853170185e-05,0.00010578468367584878,8.230575684312934e-05,9.08759257496841e-05,9.808922241614923e-05,9.5501541274643e-05,8.198715468880765e-05,5.1466166318076856e-05,9.604741936287598e-05,0.00014816894066744862,8.282585803310841e-05,0.00011833713740029586,6.363370440544353e-05,6.290571671155383e-05,7.644269509500437e-05,9.138800874394913e-05,9.186468074320931e-05,8.987918079279734e-05,7.587799119022249e-05,9.537931269603924e-05,8.35082796349531e-05,6.37451561996153e-05,6.602098314165945e-05,9.220398830988444e-05,9.624811977620048e-05,8.205851611746552e-05,0.00013930446310488406,8.873893306530973e-05,6.0100908536904554e-05,0.00010216485634046194,9.954418272441938e-05,0.00012203971877099041,9.477572842660658e-05,8.691497873757906e-05,0.00010007849999869299
Data/Stocks/clx.us,7.594890044112486e-05,7.455717981268906e-05,8.944583807331801e-05,8.976629936208556e-05,7.369061106014959e-05,5.828567101034894e-05,5.231744112247191e-05,8.452967590397015e-05,6.691358723890086e-05,9.335083586920106e-05,0.00011834306161598705,0.00012795894016775881,6.364954902431172e-05,0.00015527392212212222,0.00010567940591846517,7.913477616058271e-05,8.304856566256069e-05,7.422105257443594e-05,8.610874779029886e-05,7.93530743631032e-05,8.47101402067169e-05,7.399599274262743e-05,4.4200486647528424e-05,7.868268244022044e-05,0.00013184750354622033,6.410268497811755e-05,0.00011003782907938618,5.8285950276224614e-05,5.679268935456195e-05,7.01718237768472e-05,7.788577580779107e-05,8.947855284872767e-05,7.89527535406793e-05,7.192015784766468e-05,9.19422262312868e-05,8.361169608955128e-05,5.3865733199462814e-05,5.6748302186393245e-05,8.425282355146898e-05,7.822859613692622e-05,7.250653278011668e-05,0.00013186891139919192,7.803469823601538e-05,5.026976068344382e-05,8.549610997543988e-05,8.710696347884699e-05,0.00012640119698842893,7.281320937074121e-05,8.022872392762151e-05,8.710826827805191e-05
Data/Stocks/x.us,0.0002834790826072766,0.0002775358415933446,0.00024555910991562316,0.00033992628323082995,0.0003136610582030555,0.00021809119648911527,0.00021432106065271891,0.00031916126235474664,0.0002329441810618887,0.00032440994278386655,0.0004554180818657425,0.0005776891096691046,0.0001354407570094678,0.00010567940591846517,0.0011248660164615062,0.00044021631442324406,0.00032235824851598266,0.00024319390307312724,0.00035982965893091313,0.00033665066961607865,0.00027503331118704997,0.00026888989190423804,0.00017679667122842623,0.0002910849438965417,0.0004412979818017343,0.00020392264553881345,0.00045649251290680553,0.0001285856689962125,0.00017821951453845082,0.00021693066687594297,0.0003231405672537332,0.00030412728954091946,0.00033177643466158444,0.00021717816299146998,0.00035186865761996784,0.00027754084011340864,0.0001475172349098793,0.0001774420304392565,0.00029869682285731054,0.00030881536073808815,0.0002421230487840925,0.0005294476734625238,0.0003336076413219292,0.00011853151115943885,0.00036884877669419086,0.00031158753730239935,0.00044456417235928493,0.0002594275275376968,0.00030476345792911216,0.0004318329985936988
Data/Stocks/apc.us,0.00017947556801316887,0.00018290573673218125,0.0001478360392857006,0.00022600260591358403,0.00019332824361841303,0.00014402178735013275,0.00016940845760699436,0.00020648069554720955,0.00014038268808755987,0.00018381142010334293,0.00030522574480431794,0.0003689790989628346,9.725494853170185e-05,7.913477616058271e-05,0.00044021631442324406,0.000602030559330796,0.0001902789579759453,0.00016476616200899723,0.00022852204640040394,0.00019160232238446252,0.00016976755558420622,0.00017753066952138505,0.00012966582292598053,0.00022167434526492423,0.0003277149229630361,0.00013856401692767596,0.00029743483624836993,7.77978297413232e-05,0.00012844341594742307,0.0001397880399906923,0.00019636565902412712,0.00018476988865135098,0.00021392473428686834,0.00014659456428105434,0.0002130676946767739,0.00014167383794701737,0.00010060113551642409,0.00012105141125783115,0.00018246377405431902,0.00019800779599209092,0.00015797515475628798,0.00033803666552215274,0.00019071409737233215,6.971349473519326e-05,0.00023424792954949153,0.00021268298176968091,0.0002876432618812459,0.00016732407733951289,0.0001921664313455658,0.0004015167211661342
Data/Stocks/intc.us,0.00015384016421749448,0.00018333583746515147,0.0001783310023893228,0.0002212321886450602,0.0003547015006984036,0.00019801447176627025,0.00010891268165596223,0.000200794864500081,0.00015345814992834573,0.00023960293916702922,0.00031683493570096267,0.00030488435659072706,0.00010578468367584878,8.304856566256069e-05,0.00032235824851598266,0.0001902789579759453,0.0004939971436187835,0.0001374894701271197,0.0002251921139659418,0.0003985145988429651,0.0002020808654336592,0.00016851363761574402,9.389873943073195e-05,0.00015595634446718268,0.00026857067059841223,0.0001541438662179028,0.00025694939613867673,0.00012077509571837947,0.00010791864529798792,0.00014096455137513111,0.00024493422827886086,0.00019210693859471795,0.00030284660916196215,0.0001364474200266567,0.00021564403046633388,0.0001891840167169174,0.00010635343623405466,0.00012134451174417124,0.00024461046878488567,0.00024200862252107822,0.00016680401709089776,0.0003192116481851743,0.00020242731686987274,7.141177168957828e-05,0.00026054505618181673,0.0001894110564574358,0.00027182288849852845,0.00025063689822599444,0.000266803019053944,0.00019201942613356244
Data/Stocks/iff.us,0.00012460493390255154,0.00012758147144897224,0.00012613350780570523,0.00015254816629565126,0.00013366889367260262,9.629780772934838e-05,9.10246140049116e-05,0.00014471440869395563,0.00010804050666672161,0.00015793604675389577,0.00020433854263781953,0.0002545307992594406,8.230575684312934e-05,7.422105257443594e-05,0.00024319390307312724,0.00016476616200899723,0.0001374894701271197,0.00024194769182767534,0.00015638583577404555,0.00013308302773541345,0.0001327286137119832,0.00012837627076825299,7.81089644673001e-05,0.00013288197463838668,0.000207450918827486,0.00010118761537258422,0.0001945636955226818,8.279057087381775e-05,9.114911390862859e-05,0.00011536631768278238,0.00013398003947502184,0.00014552565874086578,0.00014297656887108954,0.00011122550261960187,0.000165827775605943,0.00013181578213502997,7.595844061041653e-05,7.574497949698176e-05,0.00014395285043605465,0.00012966161626053053,0.00011688787099676085,0.00023710868210539756,0.00014522699872943944,6.457245171747727e-05,0.00015402441928405808,0.00015291570717125268,0.0002064300844046863,0.00012008760491311734,0.00012287442239455057,0.00015747799003843136
Data/Stocks/dov.us,0.00018057652113161464,0.00018568586512252946,0.00017833458784941307,0.0002383803766150306,0.00022874689512238555,0.00015585245609197405,0.0001287881557260048,0.00022127715798820718,0.00016739916424795878,0.0002377127326536063,0.0003209271372097285,0.0003612757536058207,9.08759257496841e-05,8.610874779029886e-05,0.00035982965893091313,0.00022852204640040394,0.0002251921139659418,0.00015638583577404555,0.00035089550914301095,0.00024056649071441276,0.00020019488636321845,0.0001826693289798744,0.00011229994421325685,0.00016698537646994482,0.0003129284595937189,0.00013765407646611905,0.0003065273530039529,0.00010231666140732846,0.00011920872682565007,0.00016275053911993047,0.00021454571309207816,0.00021373299483107134,0.00023582127518197927,0.00014648850058230975,0.00023398665883449414,0.00020944741606774184,0.00010891957839582327,0.00011193877350744879,0.00022956822515536975,0.00021080846295221562,0.0001709247501185741,0.00035725145068784056,0.00021577808553696563,8.473711271411911e-05,0.00024244607703070452,0.00021384043440192426,0.00029734252628924545,0.0001716588936011677,0.00020918077332502603,0.0002318869938514145
Data/Stocks/xlnx.us,0.00016272540393793143,0.0002046561519824779,0.00020935335237418114,0.00023019017869722864,0.0004364710669337771,0.0002057142746320814,0.00010370688785162318,0.0002076965304876353,0.00017689811041217166,0.00025042378781392477,0.0003196851000146825,0.00030707366425315594,9.808922241614923e-05,7.93530743631032e-05,0.00033665066961607865,0.00019160232238446252,0.0003985145988429651,0.00013308302773541345,0.00024056649071441276,0.000689483034535065,0.00019937984600412422,0.00017083208061881598,9.528001974651333e-05,0.00015143042664863152,0.0002549842278444278,0.00015275847936866316,0.00025620570257896616,0.00011764825135035945,0.00010748024133881462,0.0001532620859397752,0.0002840378651793108,0.0001975109172132691,0.00035830149835378727,0.00014655095998165467,0.0001984507806661829,0.00020432601310472437,0.00010797464385788394,0.00013027970126973856,0.0002643216469454171,0.0002547871263469601,0.00017388851236335433,0.00032343591808672173,0.00021624058772763585,6.926189620761333e-05,0.00029896795490481687,0.00020968603860289085,0.00029641935941767436,0.0002459506657992509,0.00030286899192748386,0.000187097446054678
Data/Stocks/gps.us,0.00014501289937199704,0.00016185685410617765,0.00015678290313652683,0.00019553509437188728,0.00018712059266272582,0.0001279361726188122,0.00011511974238703187,0.00019258454168940818,0.00017005748947722762,0.0003061187439369421,0.0002946273756042217,0.00033806964937661794,9.5501541274643e-05,8.47101402067169e-05,0.00027503331118704997,0.00016976755558420622,0.0002020808654336592,0.0001327286137119832,0.00020019488636321845,0.00019937984600412422,0.0005638238679778873,0.00017966961643001806,0.00010907718208384698,0.00015367879245822174,0.0002910885854088219,0.0001202341409884564,0.00027281075961988355,0.00013439622101913377,9.78420283971076e-05,0.00016747133098769137,0.00019804342105281497,0.00020071522985803098,0.0001988842156715261,0.00012844081366685976,0.00021058713250410272,0.0001982913148223488,0.000110033323110621,0.00010931614771821422,0.00026531966945709986,0.00019551761188888492,0.0001863738423258589,0.00032623928718673173,0.00018809483346671332,7.650813024804218e-05,0.00019596648074838593,0.00016687018223911579,0.00028511498271182483,0.00016341870738654796,0.00017413475004117966,0.00017708365734623777
Data/Stocks/wen.us,0.00014313772554118244,0.00014097072451107944,0.00018971468568166182,0.00017370662643858949,0.0001665361689689514,0.00011443902699059126,8.938375301586735e-05,0.00017487224753208735,0.00014155648645755743,0.00021582043184743875,0.0002703962521180501,0.000326709232312593,8.198715468880765e-05,7.399599274262743e-05,0.00026888989190423804,0.00017753066952138505,0.00016851363761574402,0.00012837627076825299,0.0001826693289798744,0.00017083208061881598,0.00017966961643001806,0.000505623236357238,9.553822381749072e-05,0.000128821146546935,0.00024377242674593667,0.00011260129847219936,0.00025909230976942245,9.787166983838223e-05,0.00010675511971738336,0.00015357602808400866,0.00016900631266663008,0.00018202056106468543,0.00017691571864144893,0.00012415190735319987,0.0002271063499624084,0.0001657982353486911,0.00012974185138765051,9.716709323099224e-05,0.0001980555146800651,0.00016541403985650987,0.00015520800945406453,0.000315311397700115,0.00018293762658785898,6.4234335474386e-05,0.0001940583821420561,0.00018210024345800778,0.0002988610156251204,0.00013446842588971523,0.00015803871562735826,0.0001752841244674972
Data/Stocks/brk-b.us,8.411631099577756e-05,9.248454328547233e-05,8.03219199253082e-05,0.0001095017555089337,8.883534171450233e-05,7.49668823842229e-05,7.643310611656602e-05,0.00011226008169870871,7.436509981242524e-05,0.00012214561027429986,0.00018012289161547327,0.0002497201939063356,5.1466166318076856e-05,4.4200486647528424e-05,0.00017679667122842623,0.00012966582292598053,9.389873943073195e-05,7.81089644673001e-05,0.00011229994421325685,9.528001974651333e-05,0.00010907718208384698,9.553822381749072e-05,0.00019579053707223797,9.091315113279485e-05,0.00020220322836713475,7.356470757946051e-05,0.0001933701439103288,4.725866237826084e-05,6.13707358875771e-05,8.624957800238625e-05,0.00010054013153383813,0.00010812992461218777,0.00010254548375224183,8.498536069265519e-05,0.0001334212338269847,0.00011312158021195475,5.141362652644324e-05,6.227573969051184e-05,0.00011189428791104953,0.00011351875998190702,8.85327137146268e-05,0.00019471881158666344,0.00011082989965923056,4.22600553436325e-05,0.00011603357048202037,0.0001245480057466497,0.00016440010120764538,8.507509554374049e-05,0.00010231113691862983,0.00012784799742606692
Data/Stocks/adm.us,0.00013310103709228196,0.00013758386463350936,0.0001398976051646422,0.00017627548349638568,0.0001411897927719386,0.00010751130149036534,0.00011800424077882498,0.00015605903400711383,0.00010909598872978939,0.000155603100150315,0.00021775563585517925,0.000292587558852567,9.604741936287598e-05,7.868268244022044e-05,0.0002910849438965417,0.00022167434526492423,0.00015595634446718268,0.00013288197463838668,0.00016698537646994482,0.00015143042664863152,0.00015367879245822174,0.000128821146546935,9.091315113279485e-05,0.00042158749467913567,0.0002711912093176403,0.00011877714177401125,0.00022415723133040503,8.552391508460975e-05,9.495568312534929e-05,0.00010959572795294002,0.00014606185853454468,0.0001467886338344244,0.00015467192457211212,0.00011205730891266405,0.0001673881747921948,0.0001288386390884218,8.81598148180572e-05,9.611625727308871e-05,0.0001417779944182794,0.00015325361791088436,0.00011855911713166797,0.00023213727291727097,0.00014576741276136717,7.976606654854672e-05,0.00015629368932994363,0.00014754845771609344,0.0002001263525309229,0.00012680265305893112,0.00014819536707619014,0.00020782937107765708
Data/Stocks/xl.us,0.00023627891448524093,0.0002445662254155558,0.0002110724443740039,0.0002906108023487807,0.00024716172678898395,0.00020395438749900457,0.0002025200205046902,0.0002980044304964553,0.00022729054794072825,0.0003621495503059447,0.0006456338408500338,0.0007935718070189563,0.00014816894066744862,0.00013184750354622033,0.0004412979818017343,0.0003277149229630361,0.00026857067059841223,0.000207450918827486,0.0003129284595937189,0.0002549842278444278,0.0002910885854088219,0.00024377242674593667,0.00020220322836713475,0.0002711912093176403,0.001363405666882522,0.0002221591826777734,0.0007476034780685056,0.00015376906201720395,0.00015818192918542402,0.00024335669926460937,0.0003047472225932716,0.0003211002262487204,0.00029959849365894867,0.0002186596159416371,0.0004585408269420049,0.00029868466273538785,0.00015701087763626348,0.00018891619147059558,0.00031094295116525586,0.0002877362031970883,0.0002487109064348119,0.0005952060343958274,0.00028527938027756046,0.000124147626273549,0.0003105195187410823,0.00031550207174393745,0.0005018666774528648,0.00024057880786923437,0.0002499388711108046,0.00032425672500327316
Data/Stocks/t.us,0.0001123358582592706,0.0001088666630401431,0.00011497755251650814,0.00014154184067558185,0.00014136018460420723,0.00011515768026109283,0.00011453518978423688,0.00013134765887744374,9.49612624914007e-05,0.00015267325759234034,0.00022050011056431426,0.00022966808544741727,8.282585803310841e-05,6.410268497811755e-05,0.00020392264553881345,0.00013856401692767596,0.0001541438662179028,0.00010118761537258422,0.00013765407646611905,0.00015275847936866316,0.0001202341409884564,0.00011260129847219936,7.356470757946051e-05,0.00011877714177401125,0.0002221591826777734,0.00026096252345020034,0.00020679377143182164,8.935193324455843e-05,9.788862091424784e-05,0.00010101547280255487,0.00013475584248361813,0.00012908737122695974,0.0001571993324253112,9.133748775788143e-05,0.00014564139163988226,0.00012611718572898677,7.543101980631027e-05,7.971604249775836e-05,0.00013098655759127584,0.00014970167608005093,0.00010842124807416859,0.00019691766463070048,0.00012835695421486878,6.67883114393181e-05,0.00015313196501555218,0.00014292146608034805,0.0001719586043023931,0.00013503528346349994,0.000129232949698392,0.00014864260917731847
Data/Stocks/rf.us,0.000232085060752542,0.00020582231025409995,0.0002453123895665606,0.00028124172945147665,0.000257948012581053,0.00018647649203883357,0.00015740378621098664,0.00028509115739134053,0.00022159522681804663,0.00033686878256772583,0.0006581927459675765,0.0007041825366259268,0.00011833713740029586,0.00011003782907938618,0.00045649251290680553,0.00029743483624836993,0.00025694939613867673,0.0001945636955226818,0.0003065273530039529,0.00025620570257896616,0.00027281075961988355,0.00025909230976942245,0.0001933701439103288,0.00022415723133040503,0.0007476034780685056,0.00020679377143182164,0.0015663295819093805,0.0001232002076733501,0.00014940714395058182,0.0002204068999572062,0.0002756769317869332,0.0003092142611064949,0.00028402653323296467,0.00021014792879182724,0.0004633442725647574,0.00025120182429237296,0.00013067564486007245,0.00016787830229296697,0.00029822176963887215,0.00026757810305215435,0.00023926239098696518,0.0005975262173714249,0.00029909948820206085,0.00011749012104770155,0.00031639259744884054,0.0003140394074677869,0.0005573648246300013,0.00020745137530522238,0.0002470001559150969,0.00027952400180802917
Data/Stocks/wmt.us,8.734888459917573e-05,9.06963466850345e-05,9.679428850384776e-05,0.00010850779227819228,0.00010239919473780574,8.349567183709148e-05,5.2778525544681316e-05,9.95558637664438e-05,9.032672650310543e-05,0.00015094571521993995,0.00015515144355489102,0.00016717717963966628,6.363370440544353e-05,5.8285950276224614e-05,0.0001285856689962125,7.77978297413232e-05,0.00012077509571837947,8.279057087381775e-05,0.00010231666140732846,0.00011764825135035945,0.00013439622101913377,9.787166983838223e-05,4.725866237826084e-05,8.552391508460975e-05,0.00015376906201720395,8.935193324455843e-05,0.0001232002076733501,0.00017215646989959815,6.484603375150254e-05,9.184839075341491e-05,0.00010695510566167782,0.0001086461950850997,0.00011159783057297868,7.400792548781145e-05,0.00010847699790716251,0.00010826798874036455,7.01302986433409e-05,6.424290546208268e-05,0.00013883209025395028,0.00011107913420202533,0.00010031984997765763,0.00014892025126459965,9.699275619877686e-05,5.0164120685108286e-05,0.00010529968576286519,9.675463212109622e-05,0.00016515951271352372,0.00010782798619396079,0.00010500847165685572,8.397716241500112e-05
Data/Stocks/rtn.us,0.00010226422029777931,9.687915909823829e-05,0.00010353495590194534,0.00012093789103673835,9.995295361961747e-05,8.439030208964214e-05,8.24871937111251e-05,0.00011187209366989458,8.240745524382937e-05,0.00010704629902369302,0.00015334474855402302,0.00018534890081251546,6.290571671155383e-05,5.679268935456195e-05,0.00017821951453845082,0.00012844341594742307,0.00010791864529798792,9.114911390862859e-05,0.00011920872682565007,0.00010748024133881462,9.78420283971076e-05,0.00010675511971738336,6.13707358875771e-05,9.495568312534929e-05,0.00015818192918542402,9.788862091424784e-05,0.00014940714395058182,6.484603375150254e-05,0.00026657161112795885,8.906481646417107e-05,0.00010063333275705682,0.0001010018156362936,0.000114016738023174,9.011504577520428e-05,0.00012513644001112522,9.474488218887708e-05,6.985834435185586e-05,7.392577644808013e-05,9.745588457656875e-05,0.0001075228396138853,8.786093608600579e-05,0.00016653557773220302,0.00011289612932481374,5.785112296827769e-05,0.0001359529445312895,0.00013601219716668743,0.00015214941348422477,9.636841033137124e-05,0.00012137620759658792,0.00012992786758361308
Data/Stocks/mat.us,0.00011989070320456334,0.00012865456968743963,0.00013525766558112123,0.0001475688835464627,0.00014405137203419592,0.00011502567833218531,8.725766658851576e-05,0.00015932084237271573,0.00018539382158461992,0.00020741133480484865,0.00022707628394368025,0.0002705129531343437,7.644269509500437e-05,7.01718237768472e-05,0.00021693066687594297,0.0001397880399906923,0.00014096455137513111,0.00011536631768278238,0.00016275053911993047,0.0001532620859397752,0.00016747133098769137,0.00015357602808400866,8.624957800238625e-05,0.00010959572795294002,0.00024335669926460937,0.00010101547280255487,0.0002204068999572062,9.184839075341491e-05,8.906481646417107e-05,0.0003431958408277908,0.00014345509005052106,0.00016293398774550012,0.00015394803284993645,0.00010689289042344278,0.0001714564274527605,0.00015770890930028077,9.105771610028868e-05,8.059570792107394e-05,0.00018742784600879228,0.00013899310489302644,0.00013493249281271337,0.00028971825350956724,0.00015500656136942072,6.12913809290727e-05,0.0001671254955453985,0.00015821903303759653,0.0002432912431637465,0.00011625470828586633,0.0001423954617476894,0.0001340064137093799
Data/Stocks/ebay.us,0.00014893832792103428,0.00016372879064360953,0.0001855644807114739,0.00020482032344221348,0.0002525985978690221,0.00015657699992165488,9.059653737168911e-05,0.0002006139291846551,0.0001479406889193389,0.00023084234324520012,0.00031844361850456057,0.0003446577090741323,9.138800874394913e-05,7.788577580779107e-05,0.0003231405672537332,0.00019636565902412712,0.00024493422827886086,0.00013398003947502184,0.00021454571309207816,0.0002840378651793108,0.00019804342105281497,0.00016900631266663008,0.00010054013153383813,0.00014606185853454468,0.0003047472225932716,0.00013475584248361813,0.0002756769317869332,0.00010695510566167782,0.00010063333275705682,0.00014345509005052106,0.000575283767896571,0.0001769533484468552,0.00027621813209515833,0.00014080951521329473,0.0002354379881104432,0.00018318753481029958,0.00010104139884620338,0.00010533403948553652,0.00022561594005956963,0.00022220892633847755,0.00016238895229813227,0.00034216944048641045,0.00019713420731166085,7.359866486837949e-05,0.0002555435794831732,0.00019260063159321923,0.0002828940747427731,0.00020555237334484157,0.0002278749704652534,0.0001947890454932963
Data/Stocks/leg.us,0.00016368310393727645,0.00015861867734411292,0.00017584128299304993,0.0001909993176974758,0.00019202373757684337,0.0001385586539631146,0.00012499244714933314,0.00020677659250558752,0.00015882445080092064,0.0002388824827467736,0.00031149880411108344,0.0003459987320739504,9.186468074320931e-05,8.947855284872767e-05,0.00030412728954091946,0.00018476988865135098,0.00019210693859471795,0.00014552565874086578,0.00021373299483107134,0.0001975109172132691,0.00020071522985803098,0.00018202056106468543,0.00010812992461218777,0.0001467886338344244,0.0003211002262487204,0.00012908737122695974,0.0003092142611064949,0.0001086461950850997,0.0001010018156362936,0.00016293398774550012,0.0001769533484468552,0.00037195862879144017,0.00019742422143212968,0.00013591452955264558,0.0002413447028664891,0.00020107217842642565,0.0001011620197930191,0.00010656116743844008,0.0002274115348589068,0.00018111542387510556,0.00016107628109229222,0.0003454885452048258,0.0001998497422178082,7.942912214550675e-05,0.00020444270077346065,0.00019700547295636232,0.0003417837328192987,0.00015830658530048268,0.00016709291624348156,0.00019579020301930202
Data/Stocks/ctxs.us,0.00016123741544572538,0.00018493227707508814,0.000211782922559068,0.00022654191280028384,0.0003207897322594954,0.00018820137995185368,0.00012390427819548614,0.00021226407145057342,0.00016427817855866334,0.0002296882568480152,0.0003105616002006125,0.00033377326537092645,8.987918079279734e-05,7.89527535406793e-05,0.00033177643466158444,0.00021392473428686834,0.00030284660916196215,0.00014297656887108954,0.00023582127518197927,0.00035830149835378727,0.0001988842156715261,0.00017691571864144893,0.00010254548375224183,0.00015467192457211212,0.00029959849365894867,0.0001571993324253112,0.00028402653323296467,0.00011159783057297868,0.000114016738023174,0.00015394803284993645,0.00027621813209515833,0.00019742422143212968,0.0008263202386969116,0.00015934911500403004,0.00022712519430182501,0.0001938118878410834,0.00011348243230606903,0.00012002729341319415,0.00025536183909781256,0.00023306139449424574,0.00016930296753172217,0.00033753547950009515,0.00020741243439750101,7.243713744078579e-05,0.0003298876004435204,0.0002233983538496269,0.00028731368168302473,0.00024287002734930634,0.00027641405901410973,0.0002088512902335337
Data/Stocks/xray.us,0.00011575216202420368,0.00013758651261259013,0.00015455263908725113,0.00014238835659049923,0.00014135411724482073,9.517125722779318e-05,8.386039538666851e-05,0.00014103943554882845,0.00010105564200051675,0.0001447505400356337,0.0001907764778081477,0.00026577911360688714,7.587799119022249e-05,7.192015784766468e-05,0.00021717816299146998,0.00014659456428105434,0.0001364474200266567,0.00011122550261960187,0.00014648850058230975,0.00014655095998165467,0.00012844081366685976,0.00012415190735319987,8.498536069265519e-05,0.00011205730891266405,0.0002186596159416371,9.133748775788143e-05,0.00021014792879182724,7.400792548781145e-05,9.011504577520428e-05,0.00010689289042344278,0.00014080951521329473,0.00013591452955264558,0.00015934911500403004,0.00025168292797246046,0.0001522882878570988,0.00012087661475516664,7.156187367989665e-05,0.00010392334706474687,0.00013382855523555177,0.00012992548468306693,0.0001121969779185427,0.00023336188298529636,0.0001348430582410747,7.093074877190623e-05,0.0001648496266705627,0.00016567204246603338,0.00019556371465754953,0.00012211778301889084,0.00012877605638563142,0.00015475287064939963
